 50 93 91 38 62 74 68 67 82 41 95 21 72 83 12 16 12 37 81 44 7 79 34 57 91
 97 76 53 50 7 90 50 29 36 2 33 19 29 39 25 94 8 98 35 1 99 86 96 95 81
 33 45 22 61 19 81 64 1 37 10 20 38 47 14 44 39 83 65 64 90 29 19 77 38 17
 79 43 40 68 6 64 98 58 3 87 21 35 81 26 76 23 24 76 15 94 26 70 37 49 72
 63 26 95 95 79 12 77 52 1 69 53 97 23 14 75 55 36 8 26 69 25 5 26 49 86
 52 80 12 91 51 61 3 91 27 90 15 4 36 27 67 71 12 92 74 57 34 65 62 30 51
 17 20 79 63 22 5 18 46 92 62 53 98 57 14 98 61 60 34 38 64 63 32 83 65 20
 40 46 16 46 66 46 99 35 62 60 18 85 16 63 71 34 19 59 63 75 16 38 4 17 60
 94 98 82 79 5 28 12 19 9 68 73 31 53 73 54 8 23 67 95 74 72 33 51 75 99
 38 72 41 32 51 75 62 79 88 58 78 44 8 83 81 12 53 3 93 19 50 42 65 19 12
 9 19 31 78 84 20 49 22 48 77 12 98 40 20 68 1 29 12 14 39 46 25 89 5 92
 81 93 64 24 73 77 71 98 34 54 52 58 99 60 80 50 40 3 1 58 62 2 6 33 18
 95 9 36 54 34 64 62 67 12 64 37 39 34 30 87 69 18 94 9 39 47 76 4 74 58
 9 31 32 99 13 31 20 53 69 63 39 13 28 80 70 2 43 32 74 51 33 20 85 15 15
 35 64 68 57 14 30 53 79 86 25 84 39 88 96 59 65 15 52 20 91 34 93 77 53 42
 54 80 10 33 1 42 80 7 74 92 11 79 63 36 63 12 82 29 34 49 51 70 48 64 91
 89 45 5 23 67 95 95 70 14 41 4 76 15 93 83 40 56 75 98 74 19 64 44 39 21
 95 54 29 97 99 47 86 31 37 22 50 19 71 22 2 78 63 39 16 10 86 88 41 18 26
 70 9 42 82 25 25 32 93 70 13 56 63 34 77 20 87 52 59 21 44 62 71 21 12 69
 75 35 98 6 24 3 13 6 97 77 26 6 34 20 62 47 95 85 53 94 88 17 91 40 42
 21 23 23 45 40 2 97 6 42 71 9 98 34 69 19 33 86 95 34 42 33 85 90 1 56
 92 31 76 41 52 88 73 57 82 86 99 95 44 28 7 47 16 48 70 55 84 35 96 46 61
 72 79 39 79 69 93 45 28 1 58 77 6 6 8 88 5 88 29 79 9 67 5 94 38 42
 2 59 27 77 31 13 92 1 73 66 52 35 55 15 62 33 28 24 90 73 59 30 38 60 32
 54 17 91 42 38 80 23 92 81 50 59 63 42 81 64 26 70 57 70 23 30 79 31 59 88
 2 83 70 80 5 5 35 61 74 91 2 72 56 19 20 9 47 89 48 76 35 88 75 98 32
 50 1 97 67 40 65 16 72 15 93 82 98 81 85 87 45 99 31 64 4 56 86 74 70 41
 91 66 46 55 94 90 32 43 45 51 57 21 77 69 59 55 41 53 54 94 92 6 66 64 3
 43 5 10 6 26 24 54 83 65 31 33 50 86 44 19 11 36 39 3 77 42 58 80 58 44
 91 90 36 80 86 27 82 88 57 90 27 17 11 10 8 65 54 68 29 47 90 85 73 59 1
 22 18 11 17 65 69 85 28 75 24 37 61 44 30 73 87 54 87 61 39 12 65 85 28 49
 8 97 27 50 24 32 58 34 42 47 65 62 26 55 95 34 10 96 77 10 5 27 12 58 2
 94 8 78 67 24 76 6 87 91 22 97 22 77 81 36 53 40 64 6 52 32 86 62 62 85
 14 23 96 21 75 45 60 18 38 98 58 64 87 96 86 72 30 98 30 22 32 45 99 93 51
 82 79 67 30 4 11 3 50 48 83 90 98 71 99 43 76 24 90 20 38 41 81 80 45 38
 7 77 91 83 20 43 38 44 84 44 83 11 6 49 94 41 1 80 20 58 70 20 62 37 36
 50 89 5 21 42 51 60 76 76 97 38 80 13 63 55 2 65 64 98 3 45 76 43 27 30
 52 91 52 63 56 11 57 19 65 62 75 7 60 37 78 15 84 14 84 36 15 18 59 19 2
 24 20 85 55 59 98 72 13 40 98 61 33 92 98 18 97 14 62 83 30 79 55 54 6 57
 75 90 31 3 88 67 1 64 42 81 76 89 39 71 89 29 14 83 36 55 45 25 59 51 24
 96 77 33 42 8 80 85 20 92 20 66 31 25 62 7 96 69 66 65 4 89 73 32 60 79
 91 67 25 45 65 5 51 53 80 42 13 11 26 82 64 24 14 98 44 56 94 59 57 58 61
 16 59 76 31 5 5 63 98 54 26 78 45 26 79 40 65 90 85 65 93 83 79 6 98 13
 5 58 74 54 55 93 81 49 57 92 25 58 80 92 67 48 4 51 2 57 28 31 86 6 24
 57 14 65 90 11 99 99 94 64 25 83 82 33 38 78 50 62 93 54 3 47 36 55 95 11
 41 35 17 96 79 53 82 71 29 83 81 17 40 8 98 46 22 19 13 26 76 22 20 47 79
 57 92 84 27 3 96 55 80 71 8 53 32 72 27 61 38 37 87 97 46 91 75 15 23 61
 35 50 67 98 22 66 7 91 66 91 4 85 76 37 16 86 43 17 14 34 41 18 31 80 64
 76 44 3 48 27 25 94 76 5 21 67 54 23 10 63 11 37 48 29 44 7 1 13 99 67
 5 17 77 4 39 45 46 80 77 9 59 3 47 51 51 80 56 60 34 73 8 4 40 99 35
 19 50 13 57 43 35 43 25 93 1 77 69 45 84 82 44 94 54 41 35 82 5 94 99 76
 16 28 42 41 40 11 51 56 41 61 99 49 69 46 23 72 79 84 50 51 56 43 30 82 28
 39 97 42 66 88 20 50 7 70 55 22 79 52 86 97 53 26 11 57 32 54 91 23 73 40
 81 62 73 33 76 11 88 16 75 83 16 93 2 2 22 17 18 60 35 87 89 88 53 6 12
 90 66 63 31 56 60 78 65 68 62 60 45 65 6 37 3 62 46 62 70 44 31 82 20 20
 46 50 64 10 18 49 79 58 85 39 31 6 55 91 68 82 30 64 5 41 51 54 51 53 43
 75 32 79 59 17 93 37 19 44 74 2 72 26 80 22 90 93 33 45 86 39 54 70 5 38
 22 80 41 39 33 67 67 92 79 52 80 22 11 73 40 29 63 7 57 44 42 1 46 55 64
 23 54 46 36 55 72 5 80 24 63 16 90 97 40 3 5 93 42 34 5 11 44 93 67 95
 45 40 24 56 7 90 87 14 39 62 28 21 84 19 4 38 22 16 73 55 47 1 78 16 12
 17 60 71 93 24 84 87 12 5 51 37 8 7 20 9 2 24 86 87 43 16 79 79 36 15
 52 31 39 73 53 98 26 88 57 78 5 63 5 88 31 69 37 55 15 95 47 5 35 77 65
 78 91 17 29 94 71 96 56 53 34 13 6 41 87 80 44 62 99 68 97 6 39 54 62 65
 14 85 18 47 94 86 61 72 55 45 56 99 55 93 55 72 52 23 20 76 57 16 91 78 94
 35 83 67 21 56 57 78 79 5 43 60 97 20 68 37 87 21 28 64 65 57 31 36 27 86
 11 87 73 26 67 79 12 55 38 52 54 4 27 25 82 68 66 34 90 13 32 54 91 58 70
 83 51 21 6 97 39 82 79 58 96 95 87 16 29 23 94 84 98 51 81 16 78 81 28 5
 83 20 90 24 18 41 65 71 9 60 81 7 61 97 8 27 64 33 97 75 67 56 73 74 20
 44 23 20 16 50 31 78 58 31 41 52 55 9 64 17 91 68 15 39 99 74 7 92 69 65
 17 53 99 9 8 5 64 25 17 39 42 23 65 69 48 75 92 38 93 4 32 73 74 35 7
 15 44 54 74 15 64 70 34 52 92 64 8 57 83 99 40 14 34 35 54 55 75 3 8 24
 74 55 74 13 43 16 24 40 40 65 20 59 76 42 46 37 90 29 3 4 93 54 97 17 9
 78 64 71 73 42 73 53 19 96 2 14 67 23 45 48 35 88 5 43 38 61 51 1 23 13
 39 30 80 27 24 73 77 80 14 11 69 44 48 90 45 37 1 97 66 11 37 56 74 79 43
 34 53 31 95 82 42 6 48 17 57 33 48 79 54 7 73 51 36 98 25 54 61 65 13 28
 69 59 44 36 69 71 14 32 73 3 65 17 1 34 70 54 61 56 51 47 39 79 40 15 19
 23 85 4 41 95 36 38 74 79 23 95 88 35 39 12 87 63 42 8 59 28 44 35 87 64
 85 34 44 2 20 40 31 49 58 42 82 60 28 17 99 8 83 51 50 1 80 63 37 31 79
 55 17 59 66 43 88 8 76 16 76 11 79 70 8 69 85 68 52 41 32 38 33 99 67 35
 33 60 85 70 61 89 73 6 81 91 97 56 87 63 94 27 76 45 96 90 46 78 68 62 4
 36 17 44 60 51 52 9 74 19 63 85 43 45 45 40 82 92 59 26 73 22 9 66 35 23
 6 59 6 73 47 7 92 76 18 68 16 99 70 64 93 34 4 79 82 20 96 95 85 77 57
 77 6 50 22 53 31 35 4 72 77 59 48 21 47 88 8 7 1 34 69 67 13 97 37 43
 98 68 5 22 81 7 9 82 81 76 58 47 57 69 89 53 30 7 52 82 51 74 71 49 11
 25 88 83 88 4 28 79 29 23 85 84 60 94 94 49 48 66 55 27 92 35 37 71 12 11
 58 14 93 64 88 35 57 36 62 35 45 64 7 69 77 71 75 78 55 5 10 6 51 21 10
 38 20 10 9 66 38 8 48 72 91 87 41 86 69 55 47 58 29 20 43 92 57 62 94 10
 4 43 44 68 38 47 16 85 26 5 21 2 35 94 48 22 18 96 37 62 19 20 82 62 43
 76 54 39 67 39 59 81 37 33 54 32 95 82 67 6 30 43 14 56 66 4 98 81 91 26
 19 68 6 57 73 20 23 53 53 84 77 98 11 29 4 78 78 29 42 54 36 69 93 55 10
 11 17 78 18 64 59 2 31 29 68 14 89 48 92 54 38 44 44 90 44 92 38 36 30 13
 52 19 39 81 68 96 47 80 46 5 71 12 59 81 56 83 61 3 6 17 37 39 12 90 43
 25 52 29 38 66 44 18 34 39 63 12 17 69 21 64 25 43 37 87 58 37 90 48 55 48
 62 42 85 50 47 50 12 40 28 35 93 69 89 34 57 13 75 4 81 74 94 4 30 23 80
 87 77 90 32 17 99 31 38 16 96 85 93 74 27 63 29 37 38 32 46 63 4 74 16 26
 6 63 20 82 5 29 16 12 9 79 66 11 18 45 80 39 47 84 5 78 84 26 86 87 37
 50 45 89 93 26 50 6 28 31 15 42 2 58 82 26 97 65 83 81 57 54 22 52 45 21
 30 52 18 3 52 28 9 44 76 35 28 32 6 3 15 2 64 15 88 55 16 20 11 88 92
 50 70 51 52 85 18 21 19 49 23 70 21 48 59 77 43 13 87 86 96 55 72 34 88 83
 19 34 16 44 96 58 66 6 59 27 9 30 48 97 80 48 97 2 78 21 84 45 5 89 84
