 45 29 54 79 87 1 73 63 19 5 75 57 17 24 34 86 39 25 79 6 16 94 97 49 57
 97 34 29 50 13 43 11 33 79 22 1 7 30 46 1 61 56 66 81 94 75 98 54 91 44
 24 60 10 67 51 24 36 86 1 92 64 67 24 16 43 54 28 68 61 2 65 24 1 11 7
 38 72 55 50 91 20 61 63 99 80 67 66 4 41 88 94 17 79 53 52 33 37 13 59 47
 79 55 18 14 37 42 93 73 50 85 2 96 23 18 80 98 8 19 39 3 98 67 47 96 24
 7 81 32 93 93 3 44 74 54 2 16 32 3 49 39 95 28 46 45 15 95 53 5 65 85
 89 16 16 62 16 31 2 70 49 17 10 50 31 48 42 74 51 34 46 84 59 61 9 29 2
 63 90 83 3 44 21 82 55 48 67 4 74 64 8 55 39 17 51 64 41 33 64 76 9 8
 57 2 22 97 6 34 2 78 94 63 52 42 90 38 42 66 61 62 13 70 26 68 36 46 57
 34 69 99 48 62 97 69 52 54 58 67 68 51 33 78 80 26 94 41 55 83 60 61 89 72
 3 67 19 18 75 78 98 37 31 7 53 32 32 40 11 6 22 73 96 5 37 55 91 8 79
 23 58 77 26 34 63 85 73 68 21 55 1 80 84 68 68 29 75 13 47 26 50 58 91 5
 47 18 34 50 28 53 95 60 60 84 46 5 94 84 35 49 4 99 99 96 36 61 17 83 97
 92 40 68 63 27 47 5 83 91 15 81 40 15 77 41 55 78 49 42 10 44 43 71 48 25
 63 59 8 74 50 24 3 29 54 66 26 16 20 53 77 14 69 88 3 61 13 34 63 90 31
 95 88 49 66 13 8 99 22 65 47 60 90 67 70 55 68 65 89 91 57 96 47 75 67 47
 8 29 64 36 91 86 28 76 29 59 49 47 48 1 80 74 39 10 67 2 13 64 20 34 56
 66 42 88 49 89 85 96 56 74 98 37 43 97 99 30 47 20 34 50 94 78 73 74 79 64
 38 41 9 98 39 73 14 73 10 86 93 43 81 44 48 86 29 93 19 74 60 45 95 29 91
 42 62 4 80 77 7 22 78 30 69 8 21 32 70 45 53 53 13 49 19 85 92 96 66 10
 59 91 95 76 23 60 32 42 88 57 82 61 6 93 17 17 2 8 1 83 68 93 9 31 73
 9 36 5 7 26 83 13 75 79 46 82 52 22 77 94 34 96 72 58 31 64 49 83 17 25
 81 42 53 92 31 86 19 4 61 66 23 55 78 52 27 5 63 2 8 82 65 86 2 82 97
 91 23 98 96 24 26 29 43 1 48 57 45 64 62 82 83 16 98 26 67 96 85 80 44 17
 28 37 86 12 26 62 85 48 43 54 31 81 66 49 15 89 95 27 90 91 19 66 63 65 39
 60 65 42 47 19 34 67 62 26 57 86 74 33 61 8 97 44 55 53 42 90 44 33 77 49
 50 94 74 84 91 69 6 13 97 25 23 23 96 67 56 11 23 62 15 40 77 95 69 87 57
 38 84 20 94 72 12 64 64 69 8 90 3 11 54 40 4 32 85 10 75 51 79 87 7 95
 99 76 31 13 62 45 6 53 27 64 74 44 41 81 25 57 35 28 25 63 47 6 64 48 98
 86 95 21 89 67 84 46 22 6 75 75 46 99 22 98 87 72 82 37 81 77 60 88 22 76
 91 59 94 4 39 67 94 51 78 40 4 96 95 98 74 79 46 20 81 53 95 77 77 82 60
 34 69 72 7 12 8 32 82 54 85 12 92 53 28 33 91 23 28 28 1 22 92 2 68 54
 98 70 82 92 30 72 9 91 66 20 52 11 91 1 33 72 31 69 65 74 95 76 1 62 91
 51 51 54 5 61 64 37 27 97 40 68 32 94 75 13 69 97 87 94 54 90 78 66 96 82
 29 65 22 62 70 54 21 62 16 40 42 25 67 15 67 88 32 64 85 8 9 80 64 89 19
 72 22 32 39 49 65 45 56 86 8 64 57 71 40 93 37 72 76 4 22 5 44 62 5 12
 77 89 4 70 96 83 87 15 69 2 78 40 71 5 8 99 49 49 64 29 6 92 16 85 22
 64 93 12 78 72 4 37 62 36 89 13 1 54 49 97 57 63 80 96 70 37 25 34 20 3
 65 84 53 44 34 68 47 17 66 98 44 28 60 22 76 59 36 45 1 51 68 13 38 27 93
 38 85 55 39 78 26 18 16 56 2 52 16 21 68 68 36 93 66 12 42 31 52 61 70 24
 10 3 74 83 66 9 11 68 78 39 69 68 20 88 26 58 54 74 26 35 28 32 18 54 64
 56 54 93 64 8 32 6 93 96 15 49 73 17 3 94 9 95 66 79 84 70 4 54 55 91
 92 8 81 96 33 64 61 2 10 37 70 79 50 7 20 78 80 28 86 47 10 34 12 44 31
 44 79 70 78 34 57 47 71 90 65 70 5 76 47 29 58 88 91 20 25 11 83 47 36 69
 71 85 50 22 67 21 69 47 61 62 97 6 30 26 54 65 54 86 40 5 92 79 60 28 97
 68 51 76 16 40 27 88 30 29 11 11 76 24 37 56 68 64 86 16 88 86 2 59 21 54
 28 62 10 30 51 88 6 74 62 91 57 45 58 83 41 23 66 62 51 63 11 43 61 28 88
 69 53 45 97 87 66 99 14 33 82 58 38 36 8 21 84 3 40 80 72 27 25 9 51 43
 95 53 61 16 45 94 77 4 47 11 82 18 70 51 87 5 34 81 67 80 95 8 26 16 12
 99 20 43 76 76 71 96 88 29 35 60 50 60 42 40 7 70 65 97 7 94 61 23 59 69
 56 64 30 47 84 70 61 89 93 72 8 48 83 32 92 79 58 81 75 3 37 87 33 19 23
 73 64 94 52 24 12 35 74 1 85 29 78 70 29 65 63 16 69 58 94 86 40 14 29 70
 12 32 20 52 69 54 90 73 63 69 45 68 36 90 97 64 63 94 92 4 66 75 92 51 77
 57 37 8 41 51 41 48 14 91 47 70 5 11 26 8 41 37 84 66 58 4 16 39 67 81
 65 15 14 95 39 50 97 24 69 91 78 37 11 40 53 82 50 49 13 43 77 1 58 31 25
 2 34 95 91 41 42 58 79 50 22 35 41 58 80 92 33 62 32 86 3 63 31 37 84 55
 8 69 6 63 75 58 15 40 44 46 1 69 94 61 77 80 73 32 85 71 24 92 62 8 82
 48 86 84 55 32 42 86 44 66 33 84 30 45 56 56 54 61 12 38 51 6 21 83 76 64
 68 86 75 4 34 30 31 2 89 28 89 29 55 90 31 99 32 76 1 23 64 12 12 11 41
 53 24 82 44 11 39 44 40 35 88 18 64 81 19 70 60 62 67 68 49 91 95 15 49 19
 65 5 38 85 10 48 54 47 90 66 45 95 22 31 18 2 9 23 63 10 52 76 41 11 73
 82 88 40 40 91 52 72 54 89 14 39 9 13 39 79 2 82 97 63 61 28 16 24 12 2
 24 65 35 6 65 52 78 67 85 75 72 23 34 96 84 71 16 26 93 89 39 79 91 80 87
 97 94 89 29 66 73 21 65 47 95 95 44 44 64 81 81 23 29 65 33 3 97 69 26 64
 3 72 30 59 10 93 69 62 30 36 21 92 84 72 28 7 34 75 80 44 96 76 3 90 43
 36 95 65 76 58 22 17 2 68 82 81 78 82 40 13 34 51 88 11 5 91 8 65 46 98
 79 43 70 85 88 5 47 48 78 26 66 33 30 59 17 8 63 71 48 60 47 78 58 89 21
 85 70 6 44 17 83 26 78 99 21 34 92 44 85 17 75 57 79 56 75 59 11 17 8 8
 86 35 15 86 82 93 28 67 20 2 51 35 92 21 86 90 3 84 57 20 72 97 87 51 86
 63 26 15 37 65 47 49 76 96 81 91 10 99 68 66 89 86 2 62 71 74 23 60 33 49
 63 52 73 90 27 31 16 24 35 37 8 88 4 40 30 31 82 55 52 43 58 36 21 87 55
 10 25 62 89 76 4 92 35 71 18 83 51 19 26 77 76 76 62 2 34 39 14 99 37 90
 88 74 64 29 38 40 30 29 27 9 22 5 53 27 48 51 31 57 48 98 79 18 90 84 50
 60 46 52 7 18 56 84 17 73 79 22 39 5 36 6 76 8 79 70 21 4 88 47 8 25
 25 51 9 68 14 41 98 29 63 78 60 20 93 98 60 54 85 50 56 96 39 20 76 33 27
 49 43 57 82 60 11 43 67 84 67 78 14 97 7 99 57 37 77 4 1 19 76 89 9 96
 29 13 83 23 97 4 35 53 40 93 19 20 93 61 17 28 72 25 22 94 16 97 43 48 9
 76 9 94 34 9 47 81 47 6 62 3 56 65 87 15 56 14 13 89 52 12 76 36 56 55
 58 1 18 68 21 64 68 78 34 27 64 33 90 28 16 30 20 30 99 86 1 3 63 71 83
 77 21 86 63 31 77 87 59 9 36 30 95 64 65 8 13 48 2 75 27 6 62 25 30 23
 79 96 51 21 46 66 62 93 67 11 2 86 51 98 1 64 32 98 42 8 45 17 45 53 95
 61 29 62 94 21 98 86 46 42 12 25 29 84 5 98 49 28 28 25 61 47 24 67 96 7
 39 28 55 8 73 15 5 49 32 34 1 24 22 54 40 72 8 49 8 74 55 89 78 80 52
 69 57 87 46 71 71 82 60 11 22 13 74 53 75 49 91 41 75 51 87 28 82 47 69 33
 97 61 97 1 20 78 54 5 54 16 85 74 36 8 28 8 48 65 84 89 80 37 23 60 1
 57 36 2 78 61 4 55 92 89 73 17 23 7 91 85 16 16 72 26 57 52 22 11 26 63
 38 62 60 73 45 79 72 77 56 89 22 27 70 78 70 22 68 20 75 74 82 73 33 30 56
 84 57 89 50 91 61 3 35 5 27 34 79 51 49 91 33 48 95 38 78 7 56 64 78 40
 92 32 74 4 92 25 25 30 87 82 84 94 20 24 23 14 54 18 60 96 64 92 50 85 89
 94 80 35 76 29 51 40 26 22 98 87 34 1 7 98 14 36 51 79 90 23 9 67 44 78
 18 15 56 72 19 70 13 34 77 14 56 43 83 10 15 2 22 38 5 80 73 91 66 50 83
 35 58 73 94 18 72 44 51 75 74 21 92 39 9 6 56 27 94 85 10 82 61 84 50 40
 4 38 46 99 65 26 34 30 6 25 30 67 14 41 73 77 78 43 82 83 82 44 96 66 11
 74 58 77 19 74 64 45 13 17 98 94 64 52 45 45 12 79 90 79 46 13 65 6 29 71
 56 54 26 1 29 17 36 85 70 43 35 8 93 97 22 90 46 47 80 80 88 46 88 80 81
 14 28 60 1 54 86 19 76 45 50 70 78 48 1 1 4 48 6 79 16 1 47 7 48 10
 55 59 50 11 21 69 50 69 67 48 42 50 55 21 64 59 18 68 28 25 62 22 9 66 67
 98 7 96 44 71 2 21 81 52 88 28 23 36 48 45 62 47 59 37 85 4 55 8 74 19
 79 98 17 79 66 98 9 11 9 6 97 11 31 69 82 33 49 43 20 72 82 44 14 52 91
 67 9 66 50 66 5 71 52 28 70 31 9 95 21 57 49 68 20 97 74 2 42 53 28 62
